image_width: 640
image_height: 480
camera_name: tello_camera
camera_matrix:
  rows: 3
  cols: 3
  data: [937.78627253, 0.000000, 492.14983865, 0.000000, 936.05546548, 370.77383202, 0.000000, 0.000000, 1.000000]
distortion_model: plumb_bob
distortion_coefficients:
  rows: 1
  cols: 5
  data: [0.00230827, 0.03159201, -0.00067236, 0.00378966, 0.000000]
rectification_matrix:
  rows: 3
  cols: 3
  data: [1.000000, 0.000000, 0.000000, 0.000000, 1.000000, 0.000000, 0.000000, 0.000000, 1.000000]
projection_matrix:
  rows: 3
  cols: 4
  data: [937.78627253, 0.000000, 492.14983865, 0.000000, 0.000000, 936.05546548, 370.77383202, 0.000000, 0.000000, 0.000000, 1.000000, 0.000000]
